O0.523-33
5, 1
10, 0.84
20, 0.77
50, 0.62
100, 0.45
150, 0.40
200, 0.40
300, 0.47
500, 0.65
--K--
O0.543
5,1
10,0.67
20,0.60
50,0.46
100,0.34
150,0.30
200,0.30
300,0.35
500,0.48
--K--
O0.833-43.5
5,1
10,0.58
20,0.62
50,0.50
100,0.35
150,0.28
200,0.25
300,0.25
500,0.37
--K--
O0.845
5,1
10,0.45
20,0.41
50,0.33
100,0.25
150,0.20
200,0.18
300,0.16
500,0.18
--K--
C0.514-19
5,0.35
10,0.28
20,0.22
50,0.175
100,0.120
150,0.1
200,0.12
300,0.17
500,0.29
--K--
C0.524-30
5,0.22
10,0.19
20,0.16
50,0.11
100,0.08
150,0.07
200,0.07
300,0.1
500,0.2
--K--
C0.534-40
5,0.14
10,0.13
20,0.12
50,0.08
100,0.056
150,0.05
200,0.05
300,0.065
500,0.13
--K--
C0.545-49
5,0.1
10,0.1
20,0.09
50,0.065
100,0.046
150,0.041
200,0.041
300,0.51
500,0.11
--K--
C0.814-19
5,0.27
10,0.24
20,0.20
50,0.135
100,0.1
150,0.08
200,0.073
300,0.075
500,0.15
--K--
C0.824-30
5,0.165
10,0.155
20,0.130
50,0.09
100,0.065
150,0.053
200,0.047
300,0.049
500,0.085
--K--
C00.840-45
5,0.1
10,0.09
20,0.08
50,0.058
100,0.043
150,0.034
200,0.032
300,0.032
500,0.052
--K--
C0.849-55
5,0.077
10,0.071
20,0.063
50,0.047
100,0.036
150,0.030
200,0.028
300,0.027
500,0.040
--K--